-34 -20
-35 -19
-35 -18
-35 -17
-36 -16
-36 -15
-36 -14
-36 -13
-35 -12
-35 -11
-35 -10
-34 -9
-34 -8
-34 -7
-33 -6
-33 -5
-33 -4
-33 -3
-33 -2
-33 -1
-33 0
-33 1
-33 2
-33 3
-33 4
-33 5
-32 6
-31 7
-29 8
-27 8
-25 8
-23 8
-23 9
-21 9
-19 9
-17 9
-15 9
-13 9
-11 9
-9 9
-7 9
-5 9
-3 9
-1 9
1 9
3 9
5 9
7 9
9 9
11 9
13 9
15 9
17 9
19 9
21 9
23 9
25 9
26 8
26 7
26 6
27 5
27 4
27 3
28 2
28 1
28 0
29 -1
30 -2
30 -3
30 -3
30 -4
30 -5
30 -6
31 -7
32 -8
32 -9
33 -10
35 -11
37 -11
38 -12
40 -12
42 -12
43 -13
45 -13
46 -14
48 -14
50 -14
52 -14
54 -14
56 -14
57 -13
59 -13
60 -12
62 -12
64 -12
66 -12
68 -12
70 -12
71 -13
73 -13
75 -13
77 -13
78 -12
79 -11
81 -11
83 -11
85 -11
87 -11
89 -11
91 -11
93 -11
95 -11
97 -11
98 -12
100 -12
102 -12
104 -12
106 -12
108 -12
110 -12
112 -12
114 -12
116 -12
118 -12
119 -13
121 -13
123 -13
125 -13
127 -13
129 -13
131 -13
132 -14
134 -14
136 -14
138 -14
139 -13
141 -13
143 -13
145 -13
147 -13
149 -13
150 -14
152 -14
154 -14
156 -14
158 -14
160 -14
162 -14
164 -14
165 -15
167 -15
169 -15
171 -15
172 -14
174 -14
175 -13
177 -13
179 -13
181 -13
183 -13
185 -13
187 -13
189 -13
191 -13

191 -28
189 -28
187 -28
185 -28
183 -28
181 -28
179 -28
177 -28
175 -28
173 -28
171 -28
170 -29
168 -29
166 -29
164 -29
162 -29
160 -29
158 -29
156 -29
155 -30
153 -30
151 -30
149 -30
147 -30
145 -30
143 -30
141 -30
140 -31
138 -31
136 -31
134 -31
132 -31
131 -30
129 -30
128 -29
126 -29
124 -29
122 -29
120 -29
119 -28
117 -28
115 -28
113 -28
111 -28
109 -28
107 -28
106 -29
104 -29
103 -30
101 -30
100 -31
98 -31
97 -32
95 -32
94 -33
94 -34
94 -35
93 -36
93 -37
94 -38
93 -39
93 -40
92 -41
92 -42
91 -43
91 -44
90 -45
90 -46
91 -47
91 -48
90 -49
90 -50
91 -51
91 -52
90 -53
90 -54
89 -55
87 -55
86 -56
84 -56
82 -56
81 -57
79 -57
77 -57
76 -58
74 -58
72 -58
70 -58
68 -58
67 -57
65 -57
63 -57
62 -58
60 -58
58 -58
56 -58
54 -58
52 -58
51 -57
49 -57
47 -57
45 -57
43 -57
41 -57
40 -56
38 -56
36 -56
34 -56
32 -56
31 -55
29 -55
27 -55
25 -55
24 -54
23 -53
23 -52
22 -51
22 -50
23 -49
23 -48
23 -47
22 -46
21 -45
21 -44
20 -43
20 -42
21 -41
20 -40
20 -39
20 -38
19 -37
18 -36
17 -35
17 -34
17 -33
16 -32
14 -32
13 -31
11 -31
9 -31
8 -30
6 -30
5 -29
4 -28
2 -28
1 -27
-1 -27
-2 -26
-4 -26
-5 -25
-7 -25
-8 -24
-10 -24
-12 -24
-14 -24
-16 -24
-17 -23
-19 -23
-21 -23
-22 -22
-24 -22
-26 -22
-27 -21
-29 -21
-31 -21
-33 -21
